0 0.335
0 -0.117
0.002 1.407
0.002 0.696
0.004 0.237
0.004 0.555
0.004 0.603
0.006 0.62
0.006 0.693
0.009 0.252
0.009 1.117
0.01 1.353
0.01 1.086
0.016 0.488
0.016 0.91
0.016 0.936
0.018 2.181
0.018 1.089
0.023 0.98
0.023 1.525
0.024 0.326
0.024 0.403
0.024 0.845
0.026 0.888
0.026 0.942
0.027 0.417
0.027 0.977
0.027 0.085
0.028 0.87
0.028 1.295
0.029 1.933
0.031 0.886
0.033 1.517
0.033 0.949
0.034 0.802
0.038 0.805
0.039 0.991
0.04 1.105
0.041 1.278
0.043 1.391
0.044 0.894
0.045 1.439
0.045 1.641
0.047 0.487
0.049 1.794
0.052 0.855
0.055 1.322
0.056 0.991
0.057 1.41
0.058 1.281
0.058 0.66
0.061 1.137
0.062 1.69
0.063 1.923
0.064 0.107
0.064 2.06
0.064 2.011
0.064 0.985
0.065 0.986
0.065 1.281
0.066 0.265
0.066 1.012
0.069 0.755
0.069 0.898
0.071 0.957
0.072 0.732
0.073 1.793
0.074 1.238
0.075 1.578
0.077 2.023
0.077 1.565
0.078 1.092
0.079 0.816
0.081 0.68
0.082 1.521
0.082 1.469
0.083 1.882
0.084 1.299
0.084 1.973
0.085 1.877
0.086 0.497
0.088 0.586
0.09 1.277
0.091 1.129
0.094 2.021
0.095 1.535
0.099 2.507
0.099 1.232
0.104 1.684
0.104 0.921
0.105 1.24
0.106 1.364
0.106 1.722
0.106 1.84
0.107 1.688
0.108 0.896
0.108 0.78
0.108 1.03
0.108 1.542
0.109 1.483
0.111 1.072
0.111 1.804
0.111 1.377
0.113 1.516
0.116 1.464
0.116 1.706
0.117 0.896
0.117 0.424
0.117 1.279
0.118 0.717
0.119 1.49
0.12 1.35
0.12 1.441
0.121 1.744
0.123 1.142
0.123 1.933
0.124 1.352
0.126 0.195
0.127 0.231
0.13 0.726
0.13 1.069
0.13 1.404
0.131 1.45
0.134 0.941
0.134 0.623
0.134 2.338
0.135 1.007
0.135 1.583
0.137 0.704
0.138 0.736
0.138 0.177
0.138 1.058
0.139 0.953
0.139 1.126
0.141 0.95
0.141 1.538
0.142 0.601
0.146 0.67
0.146 0.906
0.146 0.212
0.149 0.931
0.15 0.893
0.151 0.265
0.152 0.807
0.153 0.385
0.153 1.424
0.154 1.27
0.158 0.97
0.159 0.048
0.16 0.553
0.16 0.149
0.161 0.792
0.162 0
0.163 1.449
0.164 -0.078
0.166 -0.416
0.166 0.777
0.168 0.499
0.169 0.485
0.17 0.187
0.17 0.269
0.171 0.602
0.171 0.359
0.172 0.743
0.173 0.387
0.173 -0.095
0.173 0.247
0.174 0.347
0.175 0.353
0.175 0.983
0.176 0.771
0.176 0.757
0.177 0.629
0.178 0.367
0.18 -0.131
0.181 -0.109
0.181 0.596
0.183 -0.171
0.183 0.891
0.183 0.42
0.184 -0.132
0.184 0.03
0.185 0.378
0.186 0.768
0.19 0.047
0.193 0.883
0.194 0.456
0.194 0.221
0.195 0.555
0.195 -0.18
0.196 -0.195
0.2 0.63
0.2 -0.477
0.2 -0.537
0.201 0.178
0.201 -0.116
0.202 0.508
0.202 0.057
0.202 0.507
0.203 -0.358
0.204 -0.132
0.205 0.173
0.205 0.623
0.206 -0.202
0.206 -0.142
0.206 -0.282
0.207 -0.304
0.208 -0.073
0.208 -0.056
0.209 -0.021
0.209 0.184
0.209 0.181
0.212 -0.047
0.213 -0.571
0.214 0.732
0.22 -0.564
0.221 0.537
0.222 0.143
0.224 -0.418
0.225 -0.246
0.225 -0.318
0.227 -0.645
0.23 0.211
0.232 -0.726
0.232 -0.422
0.233 -0.142
0.235 0.392
0.24 -0.552
0.241 0.339
0.241 -1.399
0.242 0.687
0.245 -0.392
0.245 -0.583
0.247 -0.02
0.248 -0.238
0.248 0.073
0.249 -0.19
0.25 -0.148
0.251 -0.17
0.251 0.307
0.251 -0.464
0.254 -0.382
0.256 -0.209
0.257 -0.047
0.258 0.203
0.26 -0.278
0.26 -1.01
0.261 -0.012
0.262 0.408
0.262 -0.468
0.264 -0.209
0.266 -0.631
0.267 0.193
0.267 0.398
0.267 -0.067
0.268 -1.291
0.268 -0.477
0.268 0.265
0.27 0.561
0.27 -0.19
0.27 -0.77
0.271 -0.006
0.274 0.171
0.274 0.071
0.274 -0.144
0.274 0.526
0.275 -0.302
0.275 0.436
0.276 0.289
0.276 0.18
0.277 -0.016
0.278 0.439
0.279 -0.032
0.28 0.653
0.28 -0.696
0.286 -0.37
0.286 -0.33
0.289 -0.246
0.29 0.058
0.291 -0.149
0.291 -0.097
0.292 -0.035
0.294 -0.082
0.295 0.825
0.296 0.372
0.296 0.165
0.296 -0.363
0.298 -0.095
0.298 -0.018
0.299 0.966
0.3 0.297
0.301 0.545
0.303 0.147
0.306 0.488
0.306 0.275
0.308 0.141
0.308 0.32
0.31 0.073
0.314 0.898
0.315 0.702
0.316 -0.342
0.318 0.357
0.318 0.236
0.318 0.375
0.32 0.503
0.321 1.291
0.321 -0.593
0.321 0.225
0.321 0.405
0.322 0.248
0.324 0.955
0.324 0.154
0.325 -0.107
0.325 0.943
0.327 0.565
0.328 0.468
0.328 0.499
0.329 0.646
0.329 1.233
0.329 0.563
0.33 0.964
0.331 0.846
0.331 0.02
0.334 -0.064
0.334 1.185
0.335 0.918
0.337 0.61
0.337 -0.238
0.339 1.042
0.34 0.86
0.343 0.429
0.343 0.355
0.343 0.453
0.344 0.884
0.347 0.279
0.347 0.453
0.349 1.039
0.351 0.486
0.352 0.61
0.352 -0.161
0.353 0.878
0.354 0.137
0.356 0.338
0.356 0.516
0.357 0.856
0.358 0.715
0.361 0.607
0.365 1.988
0.365 1.347
0.367 1.075
0.368 0.896
0.368 1.536
0.369 1.118
0.37 1.48
0.371 1.154
0.372 0.743
0.372 0.712
0.373 0.539
0.375 0.675
0.376 0.81
0.376 0.459
0.376 0.623
0.378 1.212
0.38 0.869
0.38 0.203
0.38 0.318
0.382 0.83
0.382 1.347
0.384 0.742
0.384 0.883
0.386 0.907
0.387 0.618
0.388 1.472
0.388 1.392
0.39 1.614
0.39 1.22
0.392 0.722
0.392 0.588
0.392 0.61
0.393 1.005
0.396 0.739
0.396 0.65
0.397 1.056
0.398 1.614
0.398 0.999
0.399 1.027
0.399 1.027
0.4 1.023
0.401 0.999
0.401 0.987
0.402 0.766
0.402 1.022
0.402 0.012
0.403 0.992
0.403 1.055
0.404 0.812
0.405 0.485
0.405 1.37
0.405 0.367
0.406 1.358
0.406 0.627
0.407 1.372
0.407 1.068
0.409 0.466
0.409 0.574
0.41 0.3
0.411 0.56
0.411 1.743
0.412 0.211
0.414 0.683
0.414 1.079
0.416 1.157
0.416 0.913
0.418 -0.042
0.418 0.534
0.418 1.053
0.418 0.794
0.419 1.223
0.419 1.293
0.421 0.219
0.422 1.107
0.424 0.531
0.424 0.61
0.427 1.079
0.427 0.849
0.428 0.58
0.43 1.256
0.433 1.134
0.433 1.16
0.433 1.03
0.435 0.52
0.436 0.866
0.437 0.573
0.437 0.652
0.438 1.247
0.439 0.841
0.439 1.033
0.439 0.721
0.443 0.751
0.446 0.995
0.448 1.338
0.449 0.906
0.449 0.602
0.452 1.478
0.453 -0.106
0.453 1.584
0.456 0.606
0.459 0.359
0.459 0.571
0.459 0.245
0.459 0.305
0.461 0.793
0.462 0.793
0.462 0.97
0.463 1.224
0.464 0.848
0.464 0.894
0.464 1.166
0.465 0.896
0.465 0.861
0.465 1.333
0.465 0.563
0.468 0.656
0.469 1.238
0.47 0.909
0.471 1.164
0.472 0.716
0.473 0.644
0.474 1.033
0.474 0.18
0.476 0.517
0.476 1.196
0.476 0.982
0.477 0.137
0.477 0.938
0.477 0.74
0.478 0.94
0.479 0.965
0.479 -0.297
0.48 0.715
0.481 0.743
0.482 0.348
0.485 0.198
0.486 1.259
0.486 0.605
0.488 1.117
0.488 0.322
0.491 1.033
0.492 1.141
0.492 0.879
0.493 0.591
0.494 -0.629
0.495 0.988
0.496 0.46
0.496 0.778
0.497 0.454
0.497 0.875
0.497 1.019
0.498 -0.105
0.498 0.234
0.498 0.845
0.5 0.304
0.501 0.441
0.502 0.554
0.503 0.483
0.503 1.095
0.503 0.831
0.504 0.741
0.506 0.166
0.507 1.743
0.511 0.477
0.511 0.708
0.512 0.013
0.513 0.6
0.513 1.054
0.514 0.679
0.514 0.756
0.515 0.575
0.515 0.122
0.516 0.137
0.519 0.443
0.519 0.076
0.521 0.471
0.521 0.749
0.521 0.262
0.521 0.756
0.523 0.764
0.525 0.686
0.526 0.732
0.526 0.317
0.527 0.46
0.528 0.462
0.53 0.442
0.53 0.958
0.531 0.74
0.531 0.821
0.532 0.104
0.533 0.38
0.533 0.121
0.536 0.773
0.537 0.415
0.538 -1.317
0.541 -0.034
0.541 -0.237
0.542 -0.016
0.542 0.469
0.542 -0.049
0.543 0.547
0.545 -0.152
0.547 -0.649
0.547 0.335
0.549 0.213
0.55 0.938
0.551 -0.133
0.552 0.328
0.553 0.149
0.553 0.559
0.555 -0.179
0.556 0.557
0.557 0.468
0.557 0.432
0.559 0.641
0.559 -0.097
0.56 0.326
0.561 0.505
0.561 0.042
0.563 -0.119
0.563 -0.211
0.564 -0.056
0.564 0.367
0.565 -0.276
0.57 0.775
0.571 0.174
0.571 0.056
0.572 -0.114
0.577 -0.128
0.579 0.558
0.581 -0.206
0.581 1.07
0.584 -0.07
0.584 0.154
0.585 0.438
0.585 0.108
0.585 0.158
0.587 0.177
0.588 -0.771
0.59 0.806
0.59 -0.24
0.591 0.219
0.591 0.228
0.591 0.307
0.592 0.222
0.593 0.812
0.593 0.38
0.594 0.277
0.595 -0.076
0.596 0.774
0.596 -0.057
0.596 -0.202
0.596 0.077
0.596 0.108
0.597 0.391
0.597 -0.027
0.598 0.903
0.599 0.044
0.6 -0.138
0.601 -0.411
0.602 0.658
0.602 -0.175
0.603 0.395
0.603 0.476
0.604 -0.183
0.605 0.259
0.608 -0.189
0.608 0.953
0.61 0.568
0.611 0.453
0.613 0.227
0.614 0.642
0.615 1.085
0.615 -0.049
0.615 1.432
0.615 0.697
0.615 0.331
0.616 -0.073
0.617 -0.488
0.617 0.854
0.618 -0.635
0.618 -0.29
0.619 -0.479
0.619 0.52
0.619 -0.556
0.619 0.61
0.62 0.548
0.621 -0.487
0.621 -0.165
0.621 0.166
0.622 0.86
0.624 0.708
0.628 0.293
0.629 -0.262
0.629 0.871
0.629 -0.118
0.631 0.024
0.634 0.496
0.635 0.117
0.639 0.911
0.639 -0.442
0.639 0.04
0.64 0.893
0.641 0.862
0.643 0.057
0.644 0.452
0.645 0.096
0.645 0.288
0.647 0.853
0.647 -0.312
0.648 0.555
0.648 0.735
0.651 0.197
0.651 0.664
0.652 0.336
0.652 0.328
0.653 0.142
0.658 0.918
0.659 0.916
0.66 0.436
0.662 0.208
0.663 0.415
0.666 0.21
0.667 1.488
0.668 0.343
0.668 0.57
0.669 0.302
0.669 0.521
0.672 0.87
0.673 0.462
0.674 1.662
0.675 -0.145
0.675 0.612
0.677 0.556
0.677 0.425
0.677 0.746
0.678 -0.014
0.68 0.665
0.682 0.149
0.683 0.953
0.684 0.511
0.686 0.829
0.686 0.97
0.687 0.797
0.687 0.487
0.687 0.899
0.687 -0.248
0.688 1.429
0.689 0.92
0.691 0.768
0.693 0.66
0.694 0.847
0.697 0.433
0.697 0.889
0.698 0.297
0.699 0.836
0.699 0.259
0.701 0.338
0.701 1.009
0.701 0.767
0.703 0.978
0.704 0.582
0.706 0.203
0.709 0.395
0.712 0.588
0.714 0.74
0.716 0.294
0.716 0.647
0.717 1.238
0.717 0.217
0.717 0.766
0.72 1.126
0.721 0.295
0.721 1.163
0.724 0.222
0.724 0.619
0.725 0.433
0.726 0.515
0.727 1.127
0.727 0.533
0.728 1.097
0.73 0.324
0.73 0.855
0.73 0.493
0.734 0.335
0.736 0.461
0.738 0.84
0.738 0.857
0.738 0.4
0.739 0.925
0.739 0.675
0.74 1.126
0.741 0.267
0.741 0.946
0.742 0.742
0.743 0.968
0.747 0.73
0.748 1.028
0.749 1.396
0.75 0.97
0.751 0.283
0.752 1.074
0.752 1.4
0.753 1.25
0.754 0.84
0.755 1.522
0.755 1.084
0.756 1.001
0.756 1.28
0.756 0.127
0.757 1.128
0.758 0.583
0.759 1.171
0.76 0.815
0.761 1.737
0.762 0.265
0.763 0.175
0.765 0.191
0.766 0.545
0.767 0.204
0.767 0.159
0.769 0.882
0.771 1.09
0.771 0.981
0.771 1.383
0.773 0.508
0.774 0.545
0.775 1.131
0.775 0.147
0.775 0.612
0.777 0.863
0.777 1.115
0.777 0.959
0.777 0.336
0.778 0.23
0.779 1.295
0.779 -0.205
0.781 1.03
0.782 0.014
0.785 0.618
0.785 0.988
0.785 0.033
0.786 0.228
0.787 0.438
0.787 0.547
0.789 0.971
0.791 0.88
0.791 1.355
0.792 1.114
0.793 0.874
0.793 0.424
0.793 -0.042
0.796 -0.022
0.796 0.237
0.796 0.746
0.797 1.412
0.799 0.61
0.799 0.403
0.8 0.608
0.801 0.444
0.801 0.515
0.801 1.282
0.804 1.012
0.806 0.763
0.808 -0.418
0.809 -0.281
0.809 0.526
0.811 0.908
0.812 0.599
0.815 1.065
0.816 -0.264
0.818 0.473
0.818 0.638
0.82 0.61
0.82 1.025
0.821 0.307
0.821 0.67
0.823 0.433
0.825 0.623
0.829 0.707
0.832 0.126
0.832 1.053
0.833 0.875
0.834 0.671
0.835 0.604
0.835 0.652
0.835 0.271
0.835 0.776
0.835 -0.249
0.835 0.499
0.835 0.611
0.836 0.672
0.836 1.153
0.836 -0.077
0.836 0.447
0.837 0.545
0.837 0.429
0.838 1.203
0.839 0.15
0.841 0.29
0.842 -0.169
0.842 0.83
0.842 1.032
0.843 1.277
0.844 0.542
0.844 1.036
0.845 0.087
0.846 0.996
0.846 0.427
0.847 0.951
0.847 0.852
0.849 0.156
0.849 0.655
0.849 0.342
0.85 1.166
0.853 0.852
0.853 0.545
0.854 -0.032
0.856 -0.361
0.859 -0.23
0.86 -0.103
0.863 0.189
0.864 0.523
0.864 0.377
0.865 0.517
0.868 -0.539
0.869 0.142
0.869 0.648
0.87 0.394
0.87 0.538
0.871 1.407
0.871 0.459
0.872 0.63
0.874 0.092
0.876 0.676
0.877 0.308
0.878 0.224
0.878 0.232
0.878 0.441
0.879 1.054
0.88 0.305
0.88 0.114
0.881 0.482
0.882 0.145
0.882 0.476
0.883 1.034
0.886 0.105
0.887 0.246
0.889 0.382
0.89 -0.023
0.89 0.388
0.89 -0.097
0.891 0.821
0.892 0.588
0.892 -0.129
0.893 0.423
0.894 0.267
0.896 0.708
0.896 0.32
0.899 0.634
0.901 0.924
0.903 0.108
0.903 0.118
0.904 -0.152
0.905 0.039
0.905 0.245
0.907 0.057
0.907 0.506
0.908 0.536
0.912 0.447
0.913 0.249
0.914 0.341
0.914 0.479
0.917 0.615
0.918 0.133
0.922 0.573
0.924 0.156
0.925 0.208
0.925 0.438
0.926 0.781
0.927 0.299
0.927 0.392
0.928 0.859
0.928 0.787
0.934 -0.547
0.934 0.99
0.936 0.58
0.937 0.37
0.937 0.3
0.941 0.528
0.944 0.236
0.945 0.412
0.946 0.238
0.946 0.647
0.948 0.404
0.948 0.623
0.948 -0.25
0.949 0.143
0.949 0.824
0.95 0.007
0.95 -0.193
0.951 0.011
0.951 0.59
0.952 0.143
0.955 0.715
0.955 0.763
0.956 -0.865
0.956 0.186
0.956 0.901
0.957 -0.069
0.958 0.395
0.959 -0.608
0.959 0.606
0.961 0.933
0.961 0.396
0.961 0.186
0.962 0.12
0.962 -0.111
0.964 0.028
0.966 0.522
0.968 -0.038
0.969 0.948
0.972 0.424
0.972 0.252
0.973 0.216
0.974 0.829
0.974 0.231
0.978 0.665
0.979 -0.017
0.979 0.638
0.979 0.187
0.98 1.16
0.982 0.471
0.983 -0.464
0.983 0.488
0.985 0.356
0.985 1.049
0.985 0.534
0.986 0.525
0.986 0.594
0.988 -0.109
0.989 0.298
0.991 0.324
0.993 0.55
0.993 -0.393
0.993 0.841
0.993 -0.038
0.994 1.051
0.997 0.363
0.997 0.714
0.999 0.282
0.999 0.902
1 -0.114
